slice = [0 0 0 0 0 0 0 0 0 0 0 0 0 0 0 0 0 0 0 0 0 0 0 0 0 0 0 0 0 0 0 0 0 0 0 0 0 0 0 0 0 0 0 0 0 0 0 0 0 0 0 0 0 0 0 0 0 0 0 0 0 0 0 0 0 0 0 0 0 0 0 0 0 0 0 0 0 0 0 0 0 0 0 0 0 0 0 0 0 0 0 
0 0 0 0 0 0 0 0 0 0 0 0 0 0 0 0 0 0 0 0 0 0 0 0 0 0 0 0 0 0 0 0 0 0 0 0 0 0 3 6 6 6 6 6 6 6 6 6 6 6 6 3 0 0 0 0 0 0 0 0 0 0 0 0 0 0 0 0 0 0 0 0 0 0 0 0 0 0 0 0 0 0 0 0 0 0 0 0 0 0 0 
0 0 0 0 0 0 0 0 0 0 0 0 0 0 0 0 0 0 0 0 0 0 0 0 0 0 0 0 0 0 0 0 0 0 6 6 6 6 6 6 6 6 6 6 6 6 6 6 6 6 6 6 6 6 6 6 6 0 0 0 0 0 0 0 0 0 0 0 0 0 0 0 0 0 0 0 0 0 0 0 0 0 0 0 0 0 0 0 0 0 0 
0 0 0 0 0 0 0 0 0 0 0 0 0 0 0 0 0 0 0 0 0 0 0 0 0 0 0 0 0 0 6 6 6 6 6 6 6 6 5 6 6 6 7 7 6 6 6 6 6 6 6 6 6 6 6 6 6 6 6 6 3 0 0 0 0 0 0 0 0 0 0 0 0 0 0 0 0 0 0 0 0 0 0 0 0 0 0 0 0 0 0 
0 0 0 0 0 0 0 0 0 0 0 0 0 0 0 0 0 0 0 0 0 0 0 0 0 0 0 0 6 6 6 6 6 6 6 5 4 5 9 7 6 7 7 7 7 7 7 7 6 6 8 9 5 4 4 5 6 6 6 6 6 6 6 0 0 0 0 0 0 0 0 0 0 0 0 0 0 0 0 0 0 0 0 0 0 0 0 0 0 0 0 
0 0 0 0 0 0 0 0 0 0 0 0 0 0 0 0 0 0 0 0 0 0 0 0 0 0 6 6 6 6 6 5 4 5 10 7 7 7 7 7 7 7 9 9 7 9 7 7 7 7 7 7 7 7 8 6 10 6 5 6 6 6 6 6 3 0 0 0 0 0 0 0 0 0 0 0 0 0 0 0 0 0 0 0 0 0 0 0 0 0 0 
0 0 0 0 0 0 0 0 0 0 0 0 0 0 0 0 0 0 0 0 0 0 0 0 0 6 6 6 6 5 5 8 8 7 7 7 7 7 11 11 11 11 11 11 11 11 11 11 11 11 11 11 11 7 7 7 7 7 7 6 6 6 6 6 6 6 0 0 0 0 0 0 0 0 0 0 0 0 0 0 0 0 0 0 0 0 0 0 0 0 0 
0 0 0 0 0 0 0 0 0 0 0 0 0 0 0 0 0 0 0 0 0 0 0 6 6 6 6 5 5 11 7 7 7 7 7 11 7 7 7 9 11 11 11 11 11 11 11 11 9 9 11 7 7 9 11 11 7 7 7 7 7 7 5 5 6 6 6 0 0 0 0 0 0 0 0 0 0 0 0 0 0 0 0 0 0 0 0 0 0 0 0 
0 0 0 0 0 0 0 0 0 0 0 0 0 0 0 0 0 0 0 0 0 0 6 6 6 6 5 6 7 7 9 7 11 11 7 7 1 1 2 2 1 1 1 7 11 11 7 1 1 1 1 1 1 1 7 7 9 11 11 7 7 7 7 6 4 6 6 6 0 0 0 0 0 0 0 0 0 0 0 0 0 0 0 0 0 0 0 0 0 0 0 
0 0 0 0 0 0 0 0 0 0 0 0 0 0 0 0 0 0 0 0 0 6 6 6 6 4 7 7 7 7 11 11 7 1 1 1 1 2 2 2 2 1 1 1 4 7 1 2 2 1 1 1 1 1 1 1 1 1 7 7 11 11 7 7 11 6 6 6 6 0 0 0 0 0 0 0 0 0 0 0 0 0 0 0 0 0 0 0 0 0 0 
0 0 0 0 0 0 0 0 0 0 0 0 0 0 0 0 0 0 0 0 6 6 6 5 6 7 7 7 7 7 7 1 1 2 2 1 2 2 2 2 2 2 1 1 1 1 2 2 2 2 1 1 1 1 2 2 2 2 1 1 7 11 11 7 7 11 5 5 6 6 0 0 0 0 0 0 0 0 0 0 0 0 0 0 0 0 0 0 0 0 0 
0 0 0 0 0 0 0 0 0 0 0 0 0 0 0 0 0 0 0 6 6 6 5 6 7 7 7 7 7 1 1 1 2 2 2 2 2 2 2 2 2 2 1 1 1 1 2 2 2 2 2 2 1 1 2 2 2 2 2 1 1 1 8 11 11 7 9 6 6 6 6 0 0 0 0 0 0 0 0 0 0 0 0 0 0 0 0 0 0 0 0 
0 0 0 0 0 0 0 0 0 0 0 0 0 0 0 0 0 0 0 6 6 6 6 7 7 7 4 1 2 2 1 1 2 2 2 2 2 2 3 2 2 2 2 1 1 1 2 2 3 3 2 2 2 1 2 2 2 2 2 2 2 2 1 1 11 7 7 7 6 5 6 6 0 0 0 0 0 0 0 0 0 0 0 0 0 0 0 0 0 0 0 
0 0 0 0 0 0 0 0 0 0 0 0 0 0 0 0 0 0 6 5 5 6 7 7 7 1 1 2 2 2 2 1 1 2 3 2 2 2 3 3 2 2 2 1 1 1 2 2 2 3 3 3 2 2 2 1 2 2 2 2 2 2 1 1 1 7 7 7 9 6 5 6 6 0 0 0 0 0 0 0 0 0 0 0 0 0 0 0 0 0 0 
0 0 0 0 0 0 0 0 0 0 0 0 0 0 0 0 0 6 6 6 4 7 7 7 1 1 2 2 2 2 2 2 1 2 2 2 2 2 3 3 2 2 2 1 1 1 1 2 2 2 3 3 2 2 2 2 2 2 2 2 2 2 1 1 1 1 7 7 7 7 9 6 6 6 0 0 0 0 0 0 0 0 0 0 0 0 0 0 0 0 0 
0 0 0 0 0 0 0 0 0 0 0 0 0 0 0 0 3 6 6 6 11 7 7 2 2 2 2 2 2 2 2 2 2 1 2 2 2 2 3 3 2 2 2 1 1 1 1 2 2 2 3 3 3 2 2 2 2 3 2 2 2 2 2 2 2 1 1 7 7 7 11 4 6 6 0 0 0 0 0 0 0 0 0 0 0 0 0 0 0 0 0 
0 0 0 0 0 0 0 0 0 0 0 0 0 0 0 0 6 6 5 9 7 7 1 2 2 2 2 2 2 2 2 2 2 2 2 3 3 3 3 3 2 2 2 1 8 1 2 2 2 3 3 3 3 3 3 3 3 2 2 2 2 2 2 2 2 2 2 1 7 7 7 11 6 6 6 0 0 0 0 0 0 0 0 0 0 0 0 0 0 0 0 
0 0 0 0 0 0 0 0 0 0 0 0 0 0 0 6 6 6 4 7 7 7 1 2 2 2 2 2 2 2 2 2 2 2 2 3 3 3 3 2 2 2 2 1 1 1 2 2 2 3 3 3 3 3 3 3 3 2 2 2 2 2 2 2 2 2 2 2 10 7 7 7 6 6 6 6 0 0 0 0 0 0 0 0 0 0 0 0 0 0 0 
0 0 0 0 0 0 0 0 0 0 0 0 0 0 0 6 6 4 7 7 9 1 1 2 2 2 3 2 2 2 2 2 2 2 2 2 3 3 3 2 2 2 1 1 1 2 2 2 2 3 3 3 3 3 3 3 3 2 2 2 2 2 2 2 3 2 2 2 1 7 7 7 11 5 6 6 0 0 0 0 0 0 0 0 0 0 0 0 0 0 0 
0 0 0 0 0 0 0 0 0 0 0 0 0 0 6 6 6 6 7 11 7 1 1 2 2 2 2 2 2 2 2 2 2 2 2 3 3 3 3 2 2 1 1 1 1 1 2 2 2 2 3 3 3 3 3 3 3 2 2 2 2 3 3 3 2 2 2 1 1 10 7 7 7 6 4 6 6 0 0 0 0 0 0 0 0 0 0 0 0 0 0 
0 0 0 0 0 0 0 0 0 0 0 0 0 0 6 6 4 6 11 11 1 2 2 2 2 2 2 2 2 2 2 2 2 2 2 3 3 3 2 2 2 8 2 2 2 1 2 2 2 2 2 3 3 3 3 3 3 2 2 2 2 3 3 2 2 2 1 2 1 1 7 11 9 6 6 6 6 3 0 0 0 0 0 0 0 0 0 0 0 0 0 
0 0 0 0 0 0 0 0 0 0 0 0 0 6 6 5 6 11 11 7 1 2 2 3 3 3 3 3 2 2 2 2 2 3 3 3 3 2 2 2 2 2 2 2 2 1 2 8 1 1 2 2 3 3 3 3 2 2 2 2 3 3 2 2 2 1 2 2 2 1 1 11 11 11 6 6 6 6 0 0 0 0 0 0 0 0 0 0 0 0 0 
0 0 0 0 0 0 0 0 0 0 0 0 0 6 6 6 6 11 11 1 2 2 2 2 3 3 3 3 2 2 2 2 3 3 3 3 3 3 2 2 3 3 2 2 2 1 2 2 2 2 2 2 2 3 3 3 2 2 2 2 3 3 2 2 2 2 2 2 2 2 1 7 11 11 6 6 6 6 0 0 0 0 0 0 0 0 0 0 0 0 0 
0 0 0 0 0 0 0 0 0 0 0 0 6 6 8 6 6 11 7 1 2 2 2 2 2 2 3 3 3 2 2 2 2 3 3 3 3 3 3 3 3 2 2 2 1 5 2 2 2 2 2 2 2 3 3 3 2 2 2 3 3 3 3 2 2 2 2 2 2 2 1 7 11 11 8 6 6 6 6 0 0 0 0 0 0 0 0 0 0 0 0 
0 0 0 0 0 0 0 0 0 0 0 0 6 8 8 6 8 11 1 1 1 2 2 2 2 2 2 3 3 3 2 2 3 3 3 3 3 3 3 2 2 2 2 1 8 2 2 2 2 2 2 2 2 3 3 3 3 2 3 3 3 3 3 3 3 3 2 2 2 2 2 1 7 11 11 6 6 6 6 6 0 0 0 0 0 0 0 0 0 0 0 
0 0 0 0 0 0 0 0 0 0 0 6 6 6 6 6 7 7 1 2 2 2 2 2 2 2 2 3 3 3 3 3 3 3 3 3 3 3 3 2 2 2 2 2 2 2 2 2 2 3 3 3 3 3 3 3 3 3 3 3 3 3 3 2 2 2 2 2 2 2 2 1 8 9 11 6 6 7 6 6 0 0 0 0 0 0 0 0 0 0 0 
0 0 0 0 0 0 0 0 0 0 6 6 6 6 6 6 7 4 2 2 2 2 2 2 2 2 2 2 3 3 3 3 3 3 3 3 3 3 3 2 2 2 2 2 2 2 2 2 3 3 3 3 3 3 3 3 3 3 3 3 3 3 2 2 2 2 2 2 2 2 2 1 1 7 11 6 6 6 9 6 6 0 0 0 0 0 0 0 0 0 0 
0 0 0 0 0 0 0 0 0 0 6 6 6 6 6 6 7 1 2 2 2 2 2 2 2 2 2 2 3 3 3 3 3 3 3 3 3 3 3 3 3 3 2 2 2 2 2 3 3 3 3 3 3 3 3 3 3 3 3 3 3 3 2 2 2 2 2 2 2 2 2 2 2 7 7 8 6 6 6 6 6 6 0 0 0 0 0 0 0 0 0 
0 0 0 0 0 0 0 0 0 3 6 6 6 6 6 7 7 1 2 2 2 2 3 2 2 2 2 2 3 3 3 3 3 3 3 3 3 3 3 3 3 3 2 2 2 2 2 2 3 3 3 3 3 3 3 3 3 3 3 3 3 3 2 2 2 2 2 2 2 2 2 2 2 1 7 11 6 6 6 6 6 6 0 0 0 0 0 0 0 0 0 
0 0 0 0 0 0 0 0 0 6 6 7 6 6 6 7 1 1 1 2 2 3 3 3 3 2 2 3 3 3 3 3 3 3 3 3 3 3 3 3 3 3 2 2 2 2 2 2 2 3 3 3 3 3 3 3 3 3 3 3 3 3 2 2 2 2 2 2 2 3 3 2 2 1 7 9 6 6 6 5 6 6 6 0 0 0 0 0 0 0 0 
0 0 0 0 0 0 0 0 0 6 6 6 6 6 6 7 1 1 1 2 2 3 3 3 3 3 3 3 3 3 3 3 3 3 3 3 3 3 3 3 3 3 2 2 2 8 8 2 2 3 3 3 3 3 3 3 3 3 3 3 3 3 3 3 3 3 3 3 2 2 2 2 2 2 1 7 6 6 6 6 6 6 6 0 0 0 0 0 0 0 0 
0 0 0 0 0 0 0 0 0 6 7 6 6 6 7 1 1 2 2 2 2 2 3 3 3 3 3 3 3 3 3 3 3 3 3 3 3 3 3 3 3 3 3 2 3 8 8 5 3 3 3 3 3 3 3 3 3 3 3 3 3 3 3 3 3 3 3 2 2 2 2 2 3 2 1 7 11 6 6 6 6 6 6 0 0 0 0 0 0 0 0 
0 0 0 0 0 0 0 0 6 6 7 6 6 6 7 1 2 2 2 2 2 2 3 3 3 3 3 3 3 3 2 2 3 3 3 3 2 2 3 3 3 3 3 3 3 3 3 3 3 3 3 3 3 3 3 3 3 3 2 3 3 3 3 3 3 3 3 2 2 2 2 2 2 2 1 10 9 6 6 6 6 6 6 0 0 0 0 0 0 0 0 
0 0 0 0 0 0 0 0 6 6 6 6 6 6 7 1 2 2 3 3 3 3 3 3 3 3 3 3 3 2 2 2 3 3 3 3 1 1 2 3 3 3 3 3 3 3 3 3 3 3 3 3 2 2 3 3 3 3 2 2 3 3 3 3 3 3 3 3 2 2 2 2 2 2 1 1 7 8 6 6 6 6 6 0 0 0 0 0 0 0 0 
0 0 0 0 0 0 0 0 6 6 6 6 6 6 7 1 2 2 2 2 2 3 3 3 3 3 3 2 2 2 2 2 3 3 3 3 2 1 1 2 3 3 3 3 3 3 3 3 3 3 3 2 2 3 3 3 3 3 2 2 2 2 2 3 3 3 3 3 2 2 2 2 1 1 1 1 7 11 6 6 6 5 6 0 0 0 0 0 0 0 0 
0 0 0 0 0 0 0 6 6 6 6 6 6 7 1 1 1 1 1 2 2 2 3 3 3 2 2 2 2 1 2 2 3 3 3 3 2 1 1 1 1 3 3 3 3 3 3 3 3 2 2 2 2 3 3 3 3 2 2 2 2 2 2 2 3 3 3 2 2 2 2 2 2 5 2 1 8 11 6 6 6 6 6 6 0 0 0 0 0 0 0 
0 0 0 0 0 0 0 6 6 6 6 6 6 9 1 1 1 1 2 2 2 2 3 3 3 2 2 1 1 2 2 2 3 3 3 3 2 2 2 1 1 1 2 3 3 3 3 2 1 2 2 2 2 2 3 3 3 2 2 2 2 2 2 2 3 3 3 2 2 2 2 2 2 2 2 2 1 7 6 6 6 6 5 6 0 0 0 0 0 0 0 
0 0 0 0 0 0 0 6 5 6 6 6 6 7 1 2 2 2 2 2 2 3 3 3 2 2 2 2 2 2 2 3 3 3 3 2 2 2 2 2 1 1 1 1 2 3 1 1 1 2 2 2 2 2 3 3 3 3 3 2 2 2 2 2 3 3 3 3 3 3 2 2 2 2 2 2 1 10 8 6 6 6 6 6 0 0 0 0 0 0 0 
0 0 0 0 0 0 3 6 6 6 6 6 6 1 2 2 2 2 2 3 3 3 3 3 3 2 2 2 2 2 2 3 3 3 3 2 2 2 2 2 1 1 1 1 1 1 1 1 2 2 2 2 2 2 3 3 3 3 2 2 2 2 2 2 3 3 3 3 3 2 2 2 3 2 2 2 1 10 7 6 6 6 9 6 6 0 0 0 0 0 0 
0 0 0 0 0 0 6 6 9 6 6 6 7 1 2 2 2 2 2 3 3 3 3 3 3 3 3 2 2 2 2 2 3 3 3 2 2 2 2 2 2 1 1 1 1 1 1 1 2 2 2 2 2 3 3 3 3 3 2 2 1 2 2 2 3 3 3 3 3 3 3 3 3 2 2 1 1 10 7 6 6 6 7 6 6 0 0 0 0 0 0 
0 0 0 0 0 0 6 6 9 6 6 6 7 1 2 2 3 3 3 3 3 3 3 3 3 3 2 2 2 1 2 3 3 3 3 3 2 2 2 2 2 1 1 1 1 1 1 1 2 2 2 2 2 3 3 3 3 3 2 1 1 2 2 3 3 3 3 3 3 3 3 2 2 2 2 2 2 1 7 6 6 6 6 6 6 0 0 0 0 0 0 
0 0 0 0 0 6 6 6 6 6 6 6 7 1 1 2 2 2 2 3 3 3 3 3 3 2 2 2 1 2 2 3 3 3 3 3 2 2 2 2 2 1 1 1 1 1 1 1 2 2 2 2 2 3 3 3 2 3 2 1 1 2 2 2 2 2 3 3 3 3 2 2 2 2 2 2 2 1 7 8 6 6 6 5 6 6 0 0 0 0 0 
0 0 0 0 0 6 6 5 6 6 6 6 7 1 1 1 2 2 2 2 3 3 3 2 2 2 2 2 2 2 3 3 3 3 3 3 3 2 2 2 2 1 1 1 1 1 1 1 2 2 2 2 3 3 3 2 2 3 2 2 2 2 2 2 2 2 2 3 3 2 2 2 2 2 3 2 2 1 7 11 6 6 6 7 6 6 0 0 0 0 0 
